298 1575
2621 865
883 797
1217 1091
1005 1348
2162 609
1410 1297
883 2597
2271 1926
940 1390
98 1442
893 834
929 2521
418 2563
766 1425
163 2149
260 1587
2871 1071
203 238
1252 1101
602 285
484 575
1833 1262
135 465
1279 118
1003 760
886 1288
1257 1591
925 1252
584 176
1776 1571
1661 1344
1444 264
118 1542
2225 2792
2485 2348
421 1923
1242 1285
2128 93
328 2855
940 845
914 2272
303 637
2445 1634
344 337
1322 2621
361 324
99 1571
944 563
883 893
1452 809
1029 2043
2895 91
1390 406
2485 2574
83 1730
821 1405
174 330
582 1190
881 969
119 76
291 1250
125 564
1410 1800
254 298
367 391
427 1362
2156 1091
1463 1684
891 842
1197 1253
2395 1043
1063 1651
2117 1727
131 1447
87 482
437 1246
295 514
1987 912
1522 1393
439 1629
1337 406
465 1789
729 1130
1298 1205
431 322
162 2428
811 1597
429 2428
112 1206
2049 1597
244 1031
1663 2424
771 1790
135 152
2705 1987
653 573
524 396
1043 1789
225 1119
876 961
2301 344
883 826
621 158
2823 1987
60 1992
424 152
1485 2037
652 1857
841 119
917 2125
783 847
93 102
439 1661
1463 641
843 922
1804 802
1487 1322
1415 1650
577 72
156 1506
234 1798
72 938
2049 1062
761 1297
2181 667
865 1008
396 1727
1985 1456
87 2246
2485 172
125 2037
1322 792
83 91
773 969
1410 773
61 473
881 854
2271 2842
575 192
1091 1288
1175 1160
747 225
394 739
753 936
1608 2382
1206 286
2063 1814
83 2878
1585 1447
1479 1684
175 2627
2232 22
783 11
234 2428
1257 1597
171 731
2485 609
932 829
754 495
833 993
1257 941
584 1851
248 93
94 592
902 835
610 1338
832 826
2037 1208
788 760
2878 112
421 93
1657 1811
368 1071
1522 239
745 861
997 191
1344 1219
154 2128
2348 1623
969 991
830 757
1019 824
1485 2162
1522 2650
1443 1063
1691 2823
1326 1092
999 1980
968 230
1131 996
1390 2047
1570 1461
324 821
264 1644
1159 455
832 1650
437 905
223 1167
1568 969
163 423
1899 2002
1492 1443
208 781
482 2348
788 1608
406 2125
1358 304
1486 1362
775 2308
192 2246
311 1407
769 903
592 49
72 1416
2521 140
1833 233
494 274
808 1597
609 165
712 744
1612 2817
2357 2208
1217 1131
514 1730
1790 1707
281 2234
2146 147
438 281
174 1941
208 1329
2542 398
1435 49
1597 802
1443 1463
723 268
82 311
1544 312
396 99
1079 1077
898 788
2597 909
817 902
1628 1574
711 1642
1002 715
2199 87
790 1198
941 851
685 597
1805 1701
1026 1077
1452 1364
876 529
2696 1190
1809 1716
749 1167
1046 207
981 891
573 1443
241 322
2823 1691
1127 2875
1490 2400
1650 802
891 191
158 891
259 1393
1439 1692
612 1080
421 549
783 1410
1393 126
2231 1076
1917 1608
1577 510
838 1246
1401 2246
998 2246
1046 2348
1608 1607
151 883
1540 2943
1112 445
32 1340
2208 2351
1554 1310
75 609
2031 1597
973 920
1003 1877
1452 658
1658 1737
1062 2049
1727 1442
788 2448
1900 847
2518 1243
332 661
1829 295
83 515
1987 905
1262 170
885 1344
766 1297
2417 659
2621 847
2272 1987
1684 1698
209 609
2827 248
969 429
135 424
530 718
867 873
1285 932
98 1776
1606 312
612 520
2705 481
27 161
144 303
1975 1901
993 922
2988 2353
326 7
696 898
2439 1149
1608 944
2357 1038
833 2272
188 60
2037 1115
196 1724
865 993
1597 914
1422 350
284 99
1038 284
1262 2382
1315 322
753 783
1591 163
1201 194
795 902
980 1381
1160 1175
1184 123
877 303
938 176
87 1175
87 2199
69 207
191 891
661 2925
323 51
973 191
284 1409
279 564
1723 2452
947 1000
1790 993
905 1322
61 176
514 1851
197 1251
312 1576
1527 238
192 60
1411 498
1217 932
940 406
2875 2301
148 574
1640 747
319 515
248 2895
830 802
194 209
2128 559
506 484
183 1628
883 437
1692 1576
1628 524
1001 2034
769 851
765 1028
400 1112
1337 786
147 2025
2563 516
769 1939
2034 1717
2272 914
1184 1634
2043 667
771 712
1225 677
45 1809
99 47
1682 487
808 1001
2348 747
609 2878
1730 1532
2261 1709
1099 900
1761 1246
753 861
529 466
2343 227
883 1682
618 1874
816 2293
514 1527
2232 1420
940 1114
1076 993
1479 1644
510 1602
794 2823
2823 1008
524 1150
1206 2925
361 185
1925 769
592 469
298 1571
1492 273
969 783
375 836
1072 1493
574 254
904 1682
769 802
119 1262
1528 885
614 11
102 83
744 1308
1415 1308
886 1009
609 2234
1356 3007
769 2428
1659 1262
767 712
1062 1246
2234 1802
1733 893
147 2146
136 672
1302 1362
1730 141
1390 1091
1942 144
891 883
653 1463
2925 1206
745 712
2149 83
256 154
158 1409
561 891
609 396
1446 1052
83 203
1131 1077
724 1410
1456 1340
767 842
1076 912
264 1470
1293 818
1297 833
1298 919
1623 1809
1487 2125
227 432
2025 540
1409 91
773 1804
439 1444
294 132
147 154
438 300
742 1682
1833 171
11 783
2188 442
828 802
710 2037
1527 1851
1197 2047
373 1830
2823 887
614 22
843 62
1684 1475
481 769
1904 129
1809 2272
2000 1735
197 1875
225 249
2472 469
245 2246
145 88
507 1026
838 808
1131 898
1001 993
62 1925
2054 99
1493 227
1682 2650
170 249
1062 2037
47 2137
1112 400
1706 2397
905 993
1201 1727
303 144
761 861
412 452
1337 144
1884 1901
1571 1262
1063 312
1272 893
2979 2196
452 2088
1452 1446
1439 1668
1262 484
97 438
2878 2588
821 797
1401 59
1442 1397
783 753
783 1076
747 1315
2208 1014
1802 2234
368 1935
350 1422
1405 886
27 2246
1443 1644
811 505
929 245
1804 724
76 1730
294 1212
1206 2149
455 913
344 2037
1544 1444
1812 783
197 473
1262 1571
1925 1568
729 861
87 1242
2818 1411
1003 1288
2146 1201
1293 817
292 1389
816 2449
2493 2343
1623 2621
288 274
861 808
2329 2851
1348 1925
7 192
1411 1109
1002 836
170 1262
1643 1443
497 1607
912 1987
1811 1186
773 832
82 1062
318 1191
75 2246
663 316
1077 1131
406 845
2047 788
1698 1444
893 2187
368 1210
421 516
72 1606
1585 1651
371 765
816 1001
1506 1707
1314 529
2518 1590
2271 2792
83 2597
991 865
922 936
997 129
633 890
1309 2125
1797 1642
1355 82
861 744
1454 564
1527 203
870 769
303 495
922 969
1377 1337
2948 2208
1265 269
2323 556
2514 288
260 845
144 1691
596 1063
992 508
914 1420
910 712
1733 993
1309 932
997 1009
753 1348
2146 418
771 873
2878 477
1628 330
2137 47
898 821
832 808
826 922
1888 152
861 2034
800 799
815 757
1242 1422
118 1355
1682 762
2128 1191
993 963
344 125
954 479
961 2090
762 870
783 1924
815 162
1057 1701
107 1501
905 794
745 913
1691 144
898 696
1540 1811
394 1596
850 1410
1469 1355
1820 1377
602 221
1242 1119
992 49
1435 99
781 208
2130 1869
103 1381
47 279
2232 1410
969 753
623 100
2090 1877
437 1987
767 1601
158 303
2128 154
886 1091
1023 984
1454 754
2125 1091
1288 1114
1969 1883
2246 238
690 870
1338 2127
1571 1407
171 1824
997 2398
564 43
947 1446
864 421
993 62
286 363
698 196
2117 139
2187 1246
1804 1410
2125 898
231 1471
1309 788
234 2196
269 119
1576 1416
1452 2144
861 1410
891 65
609 1942
208 643
172 992
429 922
508 88
861 995
1442 913
1337 940
1444 885
827 1710
1009 940
997 300
1405 473
1001 818
1078 1390
844 1629
1730 22
1150 1754
233 333
765 1659
1930 1109
1563 1397
637 621
234 2870
2379 2231
125 710
2234 99
961 1390
739 1456
7 326
981 2246
1001 1591
332 1980
997 2823
1759 1572
2199 2537
2509 2906
137 247
1298 1317
788 385
2199 418
1730 154
1698 264
1987 437
221 1183
1716 363
311 569
838 1597
1076 1228
1452 107
696 1091
586 303
1651 1063
672 1587
1344 312
988 659
1577 710
883 140
1428 1719
876 1877
2443 471
1414 2029
1475 1698
1077 406
664 495
917 2047
1212 47
298 210
1727 326
125 731
564 163
1650 1082
337 344
2232 1597
745 757
941 834
295 1829
922 887
1184 2351
1242 1314
898 932
963 62
119 1776
524 1397
219 212
200 2563
2827 1640
876 2125
406 1390
233 27
1242 87
79 47
411 89
207 174
1246 1001
465 135
1279 2246
300 1726
258 637
1344 1698
294 2537
269 1160
1393 170
455 877
1077 2047
2301 2875
993 1568
234 176
484 100
932 1155
991 993
1684 1552
1444 1063
1262 148
1314 1244
75 1824
2042 1252
1264 2821
117 1980
1576 892
27 233
1401 318
431 2400
826 832
889 861
1527 1730
1581 491
2125 2047
1607 2357
664 841
941 802
845 610
2828 1057
992 284
286 330
2037 783
194 2246
1833 1148
1057 2485
268 723
816 993
82 437
1463 653
1371 1205
803 200
294 95
883 2137
1091 1390
997 1246
903 880
2128 63
2125 788
2395 609
2855 100
762 1682
1297 11
861 712
917 1666
597 1456
817 1613
997 3102
2232 2428
1191 154
242 1992
769 881
1225 813
2280 2400
2208 1607
1114 230
1628 1724
877 170
249 145
1420 889
1026 961
672 1800
902 879
2037 1607
1809 997
803 422
1001 802
227 65
91 491
2521 214
1320 1416
885 1358
2235 1505
861 2209
249 238
185 311
1076 62
93 147
1057 32
991 1925
885 1444
1642 55
1776 119
1416 264
1322 993
1047 1080
788 2156
1709 633
1186 1811
1003 876
2813 2925
1925 783
303 510
2521 373
93 2428
297 2343
873 771
753 905
1026 1422
158 556
465 1315
165 2398
1091 2125
1314 3075
747 821
991 1228
1804 761
993 865
256 2382
1080 1362
234 2842
1175 337
1001 724
744 913
1251 2029
836 1310
1340 32
205 2198
1001 851
208 284
861 761
991 847
95 194
1789 1701
584 1131
2582 2625
2563 22
2306 1130
1390 1079
968 996
11 396
1096 2308
2823 1800
1080 612
1130 1246
1830 373
324 311
148 2597
1566 1679
559 2149
997 1809
1390 1607
861 833
1512 1492
1544 1684
653 1063
1687 1080
1727 3017
148 2019
1337 1145
1088 1316
913 1326
1623 753
1901 2261
1528 1479
1790 563
1131 1390
1727 2875
997 981
2272 1597
1009 876
1131 1091
2049 1410
332 2137
609 2485
783 905
701 2182
1612 801
2878 300
1764 1624
767 526
1435 100
1644 1576
1987 2272
696 961
1003 1304
802 881
1528 1063
170 2350
47 2813
1337 1313
769 879
917 1217
845 788
524 929
2343 2149
788 371
1297 850
1899 1935
1901 1884
1623 2246
170 1028
1190 231
1522 1088
2233 3028
1206 1730
332 2009
912 991
963 993
1485 2149
256 1833
191 454
1989 1514
2537 294
898 829
886 2416
744 893
999 102
998 300
113 2563
1268 961
998 1727
569 2246
163 298
423 200
947 70
883 98
118 1724
3021 1888
418 1922
1358 885
944 1790
2254 2255
1494 1398
1651 1444
505 811
898 1487
690 967
2181 1029
1623 1790
647 1022
87 1422
10 1446
2348 1466
864 454
260 144
799 806
1575 971
20 650
701 1344
1265 612
754 1454
861 908
597 2458
1623 196
363 286
260 427
1031 244
1326 269
324 185
1119 1025
909 2597
449 225
2271 2182
210 614
667 2043
311 1119
2276 1877
1444 596
1552 596
1940 2650
87 1759
794 887
1746 2462
1851 1834
3006 2246
437 1623
225 1326
498 268
2485 682
207 69
1820 2047
1796 110
724 831
479 1191
1197 886
1062 1130
3087 471
2878 135
330 609
2621 993
112 2878
997 132
75 1851
832 1415
91 300
561 1446
1134 1784
2822 1225
2696 1242
1253 886
2061 877
2166 2225
696 2125
95 1407
1015 2630
1252 2625
438 1571
1293 802
1506 156
1356 701
813 715
259 2146
2125 2090
2948 284
1314 238
87 300
3021 176
303 158
429 969
1544 1528
1217 2090
151 1522
1644 1479
2149 515
2875 1206
969 1153
429 929
924 288
1253 1390
2096 2061
230 996
1691 832
876 2400
208 1730
816 429
1730 2128
2537 212
815 690
1389 597
1131 961
162 2034
87 967
1302 159
1206 2813
522 380
771 1257
680 412
538 1811
1782 264
663 303
2090 1077
191 1158
1544 1692
2117 1072
1314 1519
526 767
1158 2705
1577 731
947 554
208 303
2948 288
2443 719
1262 1851
69 421
1273 570
274 494
514 141
1112 481
208 1442
396 524
1075 2246
2254 1901
932 894
991 969
62 766
879 817
1062 1761
192 7
992 1400
89 1773
431 1092
922 843
1001 808
247 137
1552 1470
1684 1576
2449 1608
2063 27
773 744
439 1698
834 941
849 1415
1131 917
781 1481
1038 515
158 529
2232 783
1522 151
991 2621
247 1409
1091 996
242 498
1684 1444
847 783
735 367
783 1925
1572 1759
1804 1246
894 876
264 1684
1029 407
225 747
1397 1754
1028 809
1549 2428
1252 2042
2308 775
993 1469
2271 2297
1078 917
2568 2293
885 1528
203 454
1731 1755
889 712
963 912
311 185
744 830
1824 2301
298 1727
265 221
1130 802
1191 318
1088 214
1217 971
1063 653
326 2128
609 2162
1800 2823
1076 1568
163 832
1737 398
191 870
1469 1597
1527 49
2563 418
761 1804
1661 1230
469 592
1958 1899
993 1607
100 623
2133 2181
1985 209
993 2037
2315 1413
1077 1091
98 609
836 1371
154 256
87 1407
1190 1548
940 2276
423 163
961 1244
197 421
1286 67
1337 2625
653 187
312 1479
943 1871
883 487
849 993
1322 991
1062 1115
2486 913
944 32
1444 1344
788 944
1278 2685
881 802
1684 1063
2155 1375
1624 1374
2117 2246
2049 1246
1092 1789
1186 2204
744 239
2486 1522
498 242
1008 710
221 300
1091 886
187 1344
1079 1091
1041 303
264 1512
1585 1606
1063 1463
1549 1272
1077 696
344 1577
614 664
396 256
1120 1659
672 1198
75 929
747 2095
1405 821
2187 2232
2301 2246
1428 2181
281 1809
1242 2196
284 1797
1397 1563
373 1660
1481 781
1644 1684
391 864
1658 1267
2621 783
118 1279
1184 294
284 117
284 2246
917 1759
1076 1410
2650 1522
515 1493
788 829
521 268
1409 1607
1730 1527
698 192
1650 873
1571 1456
1597 811
1285 1242
861 773
2813 643
27 76
2357 1607
1590 1243
2823 1415
95 294
1060 1677
997 1003
1425 884
1597 832
455 2061
747 1326
973 889
696 1077
110 1789
1297 1410
1470 1552
1608 2449
833 1297
479 1812
175 2333
2855 75
2448 1338
1201 209
753 773
25 1941
1754 1355
1127 2398
997 127
49 367
788 1114
1409 151
3102 904
757 910
997 437
672 136
1225 106
1315 747
1091 406
1038 1724
412 796
766 797
45 891
1078 996
332 1608
1857 175
614 1790
2234 1272
260 196
1398 316
1239 1060
886 1340
898 3005
227 2060
1297 773
919 72
1409 2348
1809 45
893 816
2878 1666
1390 1078
298 418
788 898
191 1228
1746 1665
1205 1303
1574 1628
1463 979
239 288
1446 242
1077 1026
137 1101
905 912
808 873
2445 1709
883 563
538 1899
506 367
802 757
1923 1409
2894 1790
422 27
682 1985
887 2823
373 1781
1415 838
455 438
1869 2076
148 438
192 300
1340 279
2705 156
422 803
2329 1634
877 455
672 2246
99 49
225 449
898 1456
1302 2417
516 2563
864 803
62 993
76 27
1888 165
641 1444
2061 1076
816 802
260 465
1651 1698
1410 1804
2621 62
961 876
2822 1829
1159 1456
298 163
3006 1362
1790 1038
1079 2090
1597 1410
973 762
936 1568
2037 993
406 940
1668 1063
1318 1317
566 2146
783 991
99 396
912 753
2818 1930
2156 1077
851 941
1485 1446
1390 917
1691 1410
283 1607
1038 148
1904 506
883 849
3028 2501
234 379
1492 1463
821 292
1452 2391
1623 912
87 498
1077 940
832 773
1435 76
940 1091
904 1790
821 898
1340 87
1078 2125
1812 1446
2198 718
954 1191
1501 685
1733 1737
330 174
1026 1003
795 941
753 969
1987 1691
83 147
1684 1358
1447 1629
1407 32
91 2447
1444 641
10 2795
753 2621
550 3005
454 191
469 1923
238 142
1206 135
877 520
2486 110
1072 47
1658 715
2348 188
981 922
1925 1158
1691 437
672 614
905 969
993 991
1540 2204
1230 1661
91 1713
861 936
731 1577
156 162
672 913
147 259
1309 1145
744 868
701 2568
1800 1153
1246 1420
163 1854
1597 2823
203 864
286 206
2068 712
1026 87
2348 1925
170 1393
87 1340
317 3029
273 1668
813 1225
1309 2310
2117 297
1242 1940
790 1322
375 1317
1425 1348
505 761
1628 163
1101 1252
93 1776
2485 249
922 429
207 1046
1528 1661
330 363
1628 174
1701 2878
747 221
913 1080
1623 993
1112 452
3006 506
1527 192
1225 1251
2037 889
1119 1940
1288 898
423 561
454 119
91 1409
1542 1191
1409 889
912 2621
208 132
495 303
431 1498
1317 1447
2232 861
884 1407
861 1939
954 924
2025 151
286 1206
1072 286
771 1062
2818 755
1217 1079
1272 889
2204 2225
1315 260
1733 2187
1877 821
214 1446
1925 993
200 194
260 207
861 1153
87 1532
515 2493
2181 2133
1410 1350
797 1062
910 2209
148 1038
1698 1463
1651 1219
3028 1210
1985 682
753 1350
967 690
839 835
1452 184
82 802
91 1155
1682 191
1381 980
294 394
1492 1470
932 1114
922 912
838 2823
466 330
1492 312
87 1389
3017 2137
891 999
864 391
597 107
1317 1318
574 300
1148 165
1225 945
2232 1568
1228 437
1805 2246
821 1420
1078 1389
538 2166
303 586
154 1730
1958 538
322 1265
1989 1225
1297 761
731 186
1080 1687
2650 1940
1297 2195
538 2002
283 7
1288 1145
2232 2823
254 1607
125 1577
861 1297
1643 1661
3028 1471
747 1966
97 115
2137 438
2424 1663
60 188
1057 2828
832 794
914 802
1079 406
685 1501
1253 1077
1568 993
1243 1590
1790 967
614 2348
894 110
1642 49
1057 2428
767 802
1528 1444
1577 125
1723 1442
877 83
1602 710
479 318
93 698
1197 2125
828 769
712 837
484 747
225 607
2156 406
1246 1322
592 1874
1800 672
1023 1288
1447 264
1820 2125
771 1420
110 848
2090 696
1131 1159
112 1824
849 487
473 1924
682 2198
2063 2198
205 1608
49 119
1635 1521
2425 1705
345 554
891 612
1904 1707
1628 391
1205 1298
1297 742
830 1634
1568 1691
208 86
1088 1364
2116 2063
1272 1420
1288 696
621 612
2705 1246
135 913
1790 2894
1442 98
60 324
1571 1776
200 300
312 1439
609 2398
2125 406
1308 1717
2133 2043
311 2026
2125 1309
2322 1795
214 2521
1228 1076
494 126
91 2306
431 473
234 2625
865 991
1555 2261
423 2563
1309 1091
145 1038
861 842
326 1184
1717 2034
411 2568
140 883
1272 1549
1080 1966
993 1076
1591 884
1093 2603
1829 2095
3029 317
1730 1571
423 664
1041 119
898 1077
1410 783
204 192
2187 893
506 1148
1730 326
879 712
993 2621
1244 1314
482 3023
112 2351
2705 832
295 1326
1092 1326
1175 718
1344 1667
163 564
486 554
1008 873
82 1115
828 818
884 830
2827 1043
1730 569
1454 524
191 1272
1415 744
912 842
91 1400
1019 1249
2271 1811
842 2621
1544 1439
873 867
1420 837
941 437
2537 2630
76 469
1904 609
439 1684
2925 2813
332 1737
437 1322
234 268
1597 993
1390 1309
118 2842
947 2451
95 337
421 311
826 520
1568 936
1469 797
2308 909
1493 2343
227 1080
997 11
268 498
553 361
647 1179
991 753
1532 491
1309 1389
1923 69
264 1606
93 1072
584 788
884 1425
2398 609
1892 995
2382 1262
171 159
1719 667
596 1698
1217 1309
1337 1613
1877 2276
1471 1210
281 308
1322 82
175 2063
2472 2137
2117 633
902 817
659 1043
849 802
769 1153
2061 135
841 207
1987 794
91 2895
696 1389
107 1962
145 249
194 95
1709 1149
1667 1002
1217 1253
1236 1871
495 524
1063 1528
396 11
91 530
818 881
612 244
1790 941
303 663
2034 1597
1798 1304
1479 1179
941 712
222 1802
1850 239
2117 373
723 612
200 423
394 58
1308 943
922 1691
1062 1597
1344 72
1923 421
1658 1989
971 1389
119 672
1628 1201
1568 1925
1288 1340
2037 2246
2117 29
505 944
1026 1268
2621 842
1776 367
1590 2518
1606 264
2208 1263
1602 300
909 91
885 103
1941 592
945 1225
2043 1783
1219 573
1410 1076
893 429
904 944
788 1091
672 1563
1184 2127
1420 2187
766 62
621 1265
998 2351
612 1265
304 919
1119 225
2065 3021
847 936
473 119
1322 1062
1692 1479
437 991
1239 1146
724 879
847 993
11 1076
1079 1217
424 135
1060 103
491 747
1371 1310
999 1262
1120 765
227 2343
865 967
795 828
22 2232
1809 93
1600 2448
1322 2049
828 839
992 1642
1322 802
3021 55
1989 1658
783 912
2234 1148
1344 1444
2065 495
873 1368
163 1628
454 203
592 94
696 1759
873 904
2621 912
922 1987
2061 152
886 1405
795 851
1899 1811
350 159
510 1577
1338 1621
997 993
88 145
1026 1253
696 87
760 385
2301 1824
973 1650
2521 929
208 151
239 1442
814 802
210 77
1613 1293
824 2002
83 16
2382 438
1463 1698
936 1350
961 1217
1987 783
549 421
1159 1131
761 505
1733 811
197 176
847 991
82 2049
753 865
883 295
2621 1568
1025 1119
529 586
1642 284
773 861
992 1201
515 1800
98 77
826 943
967 148
1931 93
905 753
997 2246
479 95
710 1008
520 612
191 2428
1078 1091
1811 1274
165 1802
145 98
294 208
62 1568
1591 2842
997 1800
59 112
1727 998
67 1663
1091 1217
834 2272
1698 1475
1009 1390
718 530
1456 1985
100 2855
99 1435
788 917
269 2306
2235 248
1390 788
322 1092
630 1977
1754 1397
1492 885
1877 2090
258 424
940 2125
967 865
1002 844
1364 268
158 1420
1789 1393
343 1471
1830 1824
919 1002
1340 1456
2314 588
165 1148
1444 1219
76 119
2049 1419
214 1088
1428 667
95 1532
1730 76
724 1001
1597 2187
113 1691
663 274
43 1607
873 850
1079 788
1212 294
961 1268
303 76
1160 1043
861 1601
2428 2988
1804 1028
838 1790
1060 1239
1114 996
140 1727
1425 1572
279 1456
1409 247
2597 83
1393 1789
529 158
1644 596
1272 438
609 82
264 1698
1608 205
2264 291
2006 2344
495 207
926 893
119 841
211 203
1321 45
158 1446
2537 698
1362 1486
609 140
473 960
1962 107
2821 1420
788 961
802 818
129 208
612 322
1079 1131
1463 1644
870 62
1368 742
1322 1130
1150 1332
809 781
2272 834
1789 569
1314 32
961 1253
902 941
1717 745
119 49
1435 2597
2204 1811
1005 773
2794 1677
909 265
1265 1326
191 1924
1591 1717
1358 844
892 1576
1390 940
1572 1079
191 2895
788 1281
400 2665
1790 224
961 696
1422 87
1062 802
2232 455
609 2198
1243 2518
1411 1506
1191 2128
414 3028
724 817
943 826
2382 1279
1246 1800
1077 961
1246 1130
439 1447
1303 1179
835 839
765 170
429 62
922 905
1393 1522
1568 2621
1337 1119
718 125
95 221
1506 1411
839 828
225 136
1789 1265
724 802
891 794
1443 653
807 920
165 83
1091 1077
1400 747
159 350
481 1112
1940 1242
2133 2486
574 954
208 1727
2823 981
998 99
495 754
1730 279
1253 1487
482 652
1776 58
881 818
469 2472
2233 2009
1761 1062
597 214
1512 2851
1435 208
171 1833
1253 1288
1101 2042
2090 898
98 99
200 2246
1691 1987
2357 2948
556 2323
396 2162
861 802
279 373
43 564
1471 3028
77 298
847 1568
196 1201
2895 191
861 912
3035 61
418 298
191 1800
363 330
406 1091
842 912
1416 348
1899 538
117 212
2988 2428
2343 1493
609 316
154 147
245 473
837 1420
1364 1096
484 506
103 1492
2208 2246
924 954
2128 326
788 217
997 1257
1344 1479
93 465
993 1691
1691 2272
312 1063
235 226
634 1130
83 1355
783 2621
1364 1019
1409 1575
2485 1608
2068 990
929 7
514 295
1072 510
522 491
1063 1668
260 1046
97 832
817 879
1246 437
239 848
883 380
1091 1309
584 1877
1731 2256
2068 757
2280 1253
1452 1797
1629 1444
1273 1980
2234 281
72 1344
1820 1091
1178 1313
969 993
1576 1692
208 363
2271 2225
300 221
1368 1804
1410 936
712 2068
905 865
473 311
2675 334
1640 484
879 802
75 49
58 394
936 861
2162 396
322 1409
136 607
1805 418
844 1447
87 2235
2705 908
815 997
1479 1585
3102 1415
1940 529
1085 1006
87 248
1575 298
431 1789
1286 2029
1591 241
1253 1217
1591 808
981 997
2235 803
2137 163
185 324
207 841
144 1080
234 2246
2489 2206
2379 2812
1640 506
1420 1591
1444 439
569 2443
2493 1830
1874 1206
1322 158
1629 1219
119 454
221 913
47 1942
809 1491
326 1727
744 712
110 2486
473 848
771 944
963 969
1607 1225
1571 284
1210 1471
1940 1119
538 368
1297 1350
2650 1682
1208 2037
828 795
844 1684
3102 879
2063 609
1026 1390
997 2428
829 984
2705 1158
67 1251
850 873
837 851
170 877
735 633
847 905
2272 833
1242 2400
922 1297
77 210
320 803
473 197
629 1147
1660 373
788 1309
997 808
279 2246
91 196
2642 2509
1210 1354
1658 1414
234 2116
191 505
2188 263
1321 1692
516 421
1389 2090
788 1190
1038 1208
747 1175
566 491
481 762
2271 1540
963 2621
391 367
118 1857
1563 1871
1597 1308
514 2128
208 544
861 757
1077 1079
316 609
879 818
584 845
1079 1389
422 142
990 880
319 1493
117 1904
273 1492
279 159
2037 912
161 27
62 1322
422 297
720 176
1587 93
1175 1264
932 1389
155 176
262 2019
112 396
2096 424
783 1607
3006 344
273 573
2875 1727
2034 910
76 1262
2149 1206
1435 1830
3075 1314
248 2235
152 135
1717 1682
230 788
1554 1528
1026 507
1078 406
2875 99
850 1308
2261 1901
1464 2627
1789 27
1322 1691
2232 1348
943 808
943 997
1091 898
932 1309
1884 2255
513 616
963 936
573 1684
1443 341
1958 368
2276 788
569 311
932 230
99 2234
1167 2603
854 837
484 303
1746 1315
1761 1733
1175 747
300 165
1205 1317
1684 1479
63 2128
1576 1667
156 1691
712 881
2343 515
1242 719
1811 1540
59 479
1452 61
575 484
1371 1447
2875 2878
2031 1153
1925 905
2705 1076
297 515
818 769
1644 1692
2234 609
3017 222
584 217
905 792
596 1552
367 49
1607 1980
912 936
326 303
515 83
1591 1420
495 2065
996 786
1635 491
191 2246
234 913
103 1060
148 248
2137 2232
69 298
1326 913
1644 1443
747 1400
767 881
1571 303
192 1527
241 1041
22 479
2925 718
1390 971
845 406
1719 1029
538 1071
1783 407
2621 1322
936 783
507 802
1597 1062
1800 1246
1790 1713
11 524
2705 2068
429 802
742 1297
1206 194
2149 559
1364 83
1644 1416
1781 47
1643 1219
579 491
2080 1070
2272 2823
788 2276
300 200
375 919
1597 981
742 1415
1091 961
1761 861
234 97
816 893
142 238
815 889
767 861
1057 1326
1127 99
1063 1684
1262 1659
841 913
1329 95
1288 1091
940 2047
1698 1661
1091 1079
2086 1746
2133 1029
845 1390
197 1931
1733 802
508 1701
1344 1651
905 2823
194 1206
618 1665
1288 1389
584 2246
191 3005
803 864
1805 1834
170 2208
233 363
281 238
421 1080
1469 993
1789 1092
437 969
165 609
1606 641
515 2343
1790 1264
3102 837
865 1925
1114 968
609 2063
1544 1443
312 1344
1851 514
259 300
826 1420
609 129
1272 1052
783 1322
2264 1219
87 455
2137 664
1096 1364
82 2813
174 1574
506 165
2090 821
154 219
940 898
744 1415
1698 439
332 194
2137 2472
1790 1931
125 510
609 47
919 1298
1811 2943
231 3028
1002 1060
98 88
2705 783
2006 1975
1322 1597
292 246
1761 802
2443 3087
300 144
469 455
1026 1759
769 828
2348 135
830 744
696 1288
318 1401
538 701
861 1761
1001 1246
2000 2019
799 800
1057 1930
788 230
917 1288
971 2090
2095 747
618 1422
712 1257
1789 1175
88 508
407 1719
767 808
300 2630
1002 919
880 790
140 609
847 1322
929 286
83 93
112 2574
317 609
685 107
174 1904
152 424
1661 439
908 861
238 1527
1435 1571
1899 1071
712 1228
83 1571
979 844
2117 79
1935 1899
1322 1733
1925 753
239 1869
1176 268
936 922
1262 92
1060 1146
1332 1730
423 210
171 200
1719 2043
2096 506
2042 1101
262 129
1759 87
1874 479
1727 466
1591 724
238 2246
1804 850
1479 1692
802 879
332 2329
455 176
1446 2246
268 521
1285 563
471 3087
816 1155
269 1092
2485 2878
2818 303
992 172
1682 1717
1684 1606
788 1079
815 1407
1603 1023
766 831
753 993
767 1228
917 898
1733 1322
1774 2651
1272 422
2006 1901
1038 877
1082 1650
865 2621
83 154
1666 1326
1390 1114
2255 1901
712 861
484 1315
2187 1420
1666 917
1941 86
1285 786
1038 205
1992 311
170 1659
1191 1542
2431 2130
609 75
406 1077
2166 701
93 421
151 147
1239 919
2090 1309
1811 1071
473 1155
747 1640
2603 1093
2821 1264
2187 1597
424 258
87 1109
1019 1737
1970 2596
312 1444
936 969
936 2621
82 609
281 1148
1739 1014
1904 661
941 757
225 659
1244 507
1574 183
745 2034
1046 260
1043 1160
1528 1544
303 484
2090 788
2025 147
1456 1571
2043 407
238 579
1279 191
854 881
481 908
1628 196
137 239
2010 441
1219 1684
9 2906
1003 894
507 902
582 3006
1444 1698
300 1602
49 99
724 993
883 967
797 1246
802 1001
507 769
889 808
1362 2625
431 1265
1008 2823
1288 1309
747 2348
2090 1288
2818 2246
1591 1155
2000 281
1242 2650
3028 1320
162 1871
757 745
891 981
1409 158
830 894
961 1091
484 1640
747 2276
1244 1320
452 1112
311 553
102 999
905 1691
724 837
671 2019
322 1315
2198 205
163 77
2894 563
2474 6
1008 842
912 792
991 1691
818 993
208 129
1298 1146
1923 469
1629 1447
569 1789
1790 1597
3102 1650
281 101
847 11
1146 1060
1790 22
824 1083
769 1650
144 2137
1568 847
802 1420
1046 1587
1186 2225
208 95
165 2597
60 514
1175 1789
2229 2309
1597 429
1322 783
842 1691
2137 194
1355 221
2264 1493
1812 993
200 320
677 1225
2146 259
170 765
876 894
876 2196
943 437
1217 2125
239 1522
614 563
837 712
588 2314
2424 905
1642 992
3006 1666
783 865
1790 437
1344 641
1096 3029
1809 1691
471 2443
1642 99
132 203
1091 1389
1131 2125
1925 1348
1329 208
2198 1440
817 724
1591 288
1519 1314
991 912
890 1901
720 1426
573 1470
148 2563
2618 2246
162 815
129 262
330 2493
1797 484
2705 1425
1148 1442
1597 2232
2705 724
256 396
192 575
1415 832
1684 1667
1150 1985
1197 1337
769 838
873 826
93 391
944 904
1691 1008
88 607
1150 524
731 125
284 711
2019 2246
1322 958
815 1236
1544 653
614 672
969 936
1571 1080
922 993
174 25
373 1072
788 584
837 3102
902 1613
969 963
2597 148
1131 584
156 438
1326 1789
172 2246
769 1925
2176 351
292 1091
735 477
609 208
242 1446
494 2417
91 909
1219 1651
2264 1029
107 597
1407 1571
1344 885
2261 1555
769 861
439 1310
1130 487
854 851
1242 2246
838 861
1093 658
205 1038
1925 2231
1038 2357
766 861
421 864
341 1463
281 438
1176 1155
2875 2348
2000 1080
2117 564
609 328
82 98
1079 2125
421 431
1119 311
1217 917
1606 1475
574 43
1659 1028
158 1322
947 971
1076 11
1389 971
886 1309
1684 1219
259 151
88 98
264 1219
1322 11
1444 312
1038 245
194 22
1805 609
1587 69
1759 696
1009 886
1487 898
1596 394
612 891
2117 208
281 2000
667 2181
1764 2442
2208 2948
1658 1286
620 476
1322 908
320 1397
1262 194
72 919
1596 664
1337 1377
2925 344
621 2443
997 943
890 633
1029 667
1663 67
1761 762
1727 140
828 941
1075 617
1644 439
2280 658
2272 1575
1789 1057
1709 1901
312 1544
47 95
136 2870
1176 913
1186 1899
487 883
361 553
110 913
292 845
1800 191
1691 62
932 786
1003 1023
210 298
2166 1071
2925 1751
677 681
879 761
214 1980
418 2146
396 63
135 1776
1262 1527
870 11
1790 904
324 361
861 1246
1225 1607
1447 919
969 912
208 1435
1568 1350
406 1079
1925 62
281 1262
2343 297
2047 1390
1293 879
553 242
1724 1038
609 330
491 566
187 653
1322 905
876 507
479 954
641 1651
1922 418
1492 596
1348 753
1005 1601
991 905
788 2125
1528 1554
1463 1692
1888 491
479 22
922 773
680 1093
865 753
2696 2246
498 234
1201 49
1348 1425
821 971
724 712
926 802
1568 1601
1463 1443
997 1420
1079 1572
1789 465
322 241
789 938
508 913
573 1230
183 330
482 87
767 769
2813 233
1727 396
524 495
845 1253
1285 996
1506 1571
1962 328
554 345
1667 1609
1444 1692
439 1416
55 1642
1242 2696
1684 264
513 2162
43 574
614 423
418 2199
209 1191
259 2025
148 1805
1941 174
1684 653
1264 1175
841 2597
279 1730
300 2878
826 883
1415 742
249 2485
406 917
281 2137
1568 912
1781 373
1262 333
1375 2306
1023 32
1623 82
1003 1077
2486 1783
783 1987
151 1409
1078 1309
1477 877
1568 1322
191 893
1439 312
295 2485
2875 506
93 283
455 469
2208 288
2280 1424
2485 1057
77 99
1463 892
821 1877
802 712
1591 993
841 242
3074 1930
2029 1286
2397 1740
981 2823
2563 200
2818 765
574 1782
3006 63
1444 1629
998 1608
11 256
2231 2068
2049 1761
1401 479
1942 609
1002 647
83 2149
2348 269
612 723
1591 1001
204 203
833 922
1644 312
421 1167
1201 151
1288 886
821 1425
1409 284
136 274
239 176
1829 142
908 1322
2272 1691
1987 922
2137 332
898 1426
1800 1587
1452 824
322 1980
2705 753
1790 2842
1597 922
831 766
455 87
1377 2047
1158 753
239 137
1667 1684
126 494
87 1397
769 507
2398 165
22 1730
279 1080
1684 844
437 1228
1487 235
269 747
515 297
1127 288
332 1789
802 1597
1244 3075
1003 584
843 158
664 207
161 300
368 1958
93 83
773 912
2049 62
1409 506
1148 281
1532 396
194 1191
2382 256
999 891
1093 1112
119 25
1811 2204
65 891
569 118
2486 2871
1759 1026
2276 747
1219 1629
912 963
2047 917
254 1057
1309 1390
132 208
1522 1409
1091 1131
125 337
1591 2149
1062 2621
963 847
2675 269
1293 769
1587 1800
596 1444
1410 1601
1076 2705
197 1080
1340 1091
2037 125
318 49
1597 1257
1057 217
1153 1800
1390 2125
573 1463
831 724
231 1210
1019 658
1246 1062
992 1730
861 993
838 2428
174 135
227 1493
2705 887
936 773
97 174
1167 749
63 479
97 300
563 1608
135 174
194 1262
279 47
744 773
677 2029
573 1447
1555 2574
1812 643
311 60
659 2417
2696 719
2231 1925
221 95
1804 1062
2052 333
2146 566
2424 93
125 1602
696 917
27 506
826 904
1355 998
2209 2428
1506 242
2231 2379
524 11
99 102
1733 861
2232 2246
997 909
1724 196
1706 2184
996 968
304 1634
1298 273
132 294
744 848
303 529
2509 2642
1805 1075
363 233
1389 1091
264 1463
1776 93
788 786
234 1329
2117 1612
2817 801
3006 279
69 210
312 1644
449 119
815 1410
767 873
1001 1597
892 1463
841 303
569 1730
514 298
1148 1833
438 196
300 161
865 905
792 847
803 2235
1528 1606
894 1877
614 210
742 1368
1191 954
1368 437
861 745
2052 1028
596 1492
843 1409
373 2521
283 300
993 753
794 832
767 3102
701 2002
1716 1809
1568 1076
3087 2443
1577 1602
2395 1326
789 1463
561 1659
2823 2272
210 204
773 1368
596 657
473 2428
221 1355
1375 3023
1428 407
1776 579
506 1640
802 762
830 1591
1585 1692
1435 1851
769 1350
174 196
1691 113
2813 145
2357 597
1038 300
1288 996
2627 1850
1052 1272
466 1727
520 877
1834 1851
1368 1297
1052 2246
69 1109
156 969
802 1322
1322 1925
1309 886
507 876
1038 145
191 818
2878 1701
1528 1644
1127 233
206 286
1904 2063
766 802
1279 2696
206 2458
117 284
477 2878
724 861
1587 672
2705 808
850 815
596 1443
1596 739
1297 1804
2043 1029
1364 1471
418 1375
847 963
1004 521
1091 1078
2630 300
437 1691
847 2621
826 437
1650 832
2472 421
380 522
844 1002
876 1570
1288 1422
1563 723
432 185
507 3005
844 1303
783 2037
718 1608
1877 894
303 326
1833 256
561 1682
744 818
192 698
2068 790
367 1776
333 1262
1475 1684
454 803
1608 563
842 993
261 579
421 1809
1606 1463
1062 82
82 1355
1015 2208
221 602
529 2149
2597 165
439 1644
796 412
633 1709
802 837
1452 227
1602 125
658 1093
1257 802
2493 2149
62 1691
1666 2878
597 999
1003 1390
1077 1390
1038 1735
773 922
788 2246
1179 647
652 482
2187 1800
2588 171
2128 1730
836 1002
2395 268
2188 633
612 621
2665 400
902 1293
891 281
803 454
1733 1761
2019 671
1650 1415
1692 653
891 45
2019 285
1790 838
880 990
58 1776
1109 1930
1479 1528
932 1285
1492 103
1899 1958
2417 300
144 300
724 1804
944 1608
1607 497
769 902
1691 905
1452 2400
797 893
1790 1420
132 473
1153 2031
145 1730
1078 786
1409 1522
2137 22
394 294
2246 27
762 769
1606 573
455 1320
1077 898
239 185
69 2234
1492 1668
227 506
396 1532
894 932
2272 281
203 1724
1340 886
2431 1210
245 929
997 1597
922 1568
1146 1239
1041 241
1790 912
1079 917
1443 439
1621 1338
268 2395
1667 1344
2333 175
1410 724
569 2232
303 877
614 2563
630 2531
922 742
1800 2232
83 682
1874 592
479 59
641 1463
981 1597
1904 2878
898 1389
476 530
553 50
1077 917
159 482
47 1781
917 1390
767 913
249 2198
883 196
83 274
1340 1026
1043 1854
2198 197
11 865
103 885
322 913
2047 1377
385 760
835 795
1288 2090
2357 2246
788 848
633 1881
1263 2208
2034 757
300 998
1219 264
1326 1080
244 101
641 439
999 151
2232 2137
2417 494
2301 1724
1805 188
549 197
495 1851
119 211
868 744
1288 1253
1470 573
273 1298
716 72
1217 1272
214 597
905 11
2095 300
753 1623
1197 1155
2264 2625
174 97
1554 1651
242 361
842 62
1344 187
2162 1485
830 884
69 163
1597 794
997 2285
908 481
283 194
2875 172
1479 1344
1217 898
87 379
473 61
559 238
473 1080
107 685
1725 61
10 2650
1725 3035
112 59
1463 573
1246 797
2232 1800
2650 1242
398 1867
1642 711
259 147
1668 273
573 1692
1265 224
818 879
2029 1251
203 803
2181 1719
248 1355
1651 312
11 1246
1321 900
1253 2125
2284 2340
1001 816
1072 2146
279 661
889 802
597 1332
1644 1698
788 2195
1601 766
194 332
584 1003
1790 205
524 1454
2234 841
1246 802
947 729
239 744
3028 1354
69 495
58 1707
82 1761
119 203
609 98
2895 2618
2232 1761
439 641
1456 597
969 437
584 1390
2095 295
222 3017
1410 815
876 1009
303 300
197 2198
145 1941
834 893
993 912
788 66
841 2234
1317 375
573 1606
77 163
507 1244
473 132
2906 9
788 2090
473 1405
98 330
188 175
2156 1389
424 2096
847 912
1288 1390
745 941
800 806
861 724
1717 1597
844 979
718 1175
304 1692
1901 1709
1733 1001
757 2428
944 505
312 641
98 102
773 936
350 864
1390 2569
506 1409
97 234
1288 917
1874 618
2149 2343
62 429
1228 991
319 297
1308 744
324 60
1864 2196
1805 1072
288 924
802 744
1201 196
1698 1443
647 1371
99 564
117 286
1746 2086
1628 2493
1131 1389
158 1789
454 1322
520 826
259 553
1080 747
1591 437
1521 1635
2125 696
1864 2342
1407 884
904 826
2261 2255
141 514
973 802
297 422
1388 439
842 1008
2272 1878
1904 117
192 1178
98 145
612 913
941 745
1790 487
773 1691
1109 1411
1666 2410
771 481
602 2449
1003 507
1322 1246
753 991
1262 803
222 438
682 2485
826 830
1850 2627
2000 99
792 905
1811 2225
3075 1244
312 1606
864 350
564 1454
2823 1597
894 2090
861 766
1651 1661
95 47
1692 1668
1337 932
991 437
2184 1706
106 1225
2019 1607
2344 2006
1079 829
1096 1555
902 868
2047 932
1288 1217
234 1634
569 300
609 317
97 208
1246 2232
1217 696
102 2208
102 99
196 1628
1442 300
437 993
245 163
905 847
1419 1151
110 2063
1322 437
2485 295
1597 838
129 2246
887 1350
861 826
1072 1805
1899 1186
303 841
838 914
2895 248
281 659
1371 836
77 69
1443 1698
159 2424
2705 870
2906 2509
2034 2209
929 524
77 98
1684 312
898 1466
373 279
1987 1384
2981 634
1078 765
292 1309
1337 894
319 2493
1303 844
93 248
1628 183
118 569
295 2095
11 847
2128 147
1201 1628
1651 264
2627 175
191 62
802 1062
1091 292
538 1958
2827 1057
563 1390
1322 1115
1528 312
1091 696
1665 618
1597 1761
1800 981
788 70
830 922
1629 844
909 1829
77 422
2264 667
788 968
332 1612
731 171
1246 2049
2823 832
1072 93
333 2052
857 1285
1650 3102
802 889
794 905
7 929
767 941
936 753
912 2037
101 172
837 724
641 1585
597 1389
264 1447
2821 55
1340 1288
564 279
672 1446
917 1114
609 1904
788 1337
889 1409
510 710
802 1257
234 266
1410 1691
1935 1958
2232 1607
348 1416
1251 1225
427 260
1046 1682
1257 997
1659 1442
571 491
367 506
811 1733
368 538
821 421
83 2128
898 2047
1677 2794
264 1416
254 2588
2855 609
999 597
1461 1570
83 165
1691 993
836 375
2043 2181
2878 83
747 295
192 170
873 808
641 1606
747 491
887 794
917 1091
312 1492
311 1992
1440 2198
110 137
1260 1698
63 998
1057 144
1079 1390
1650 973
1257 1246
1487 829
227 1723
1315 1746
225 491
93 2128
940 584
711 284
783 62
2117 2574
1416 1576
329 2348
472 1479
332 263
396 1888
1528 72
1315 1491
696 1487
309 459
2130 2431
368 3028
1146 1298
49 284
773 1297
1470 264
905 1601
938 789
1046 427
912 847
917 1422
803 1262
913 135
883 151
891 1809
291 2246
659 269
1733 769
227 2493
1397 514
1789 1043
1148 506
957 1930
221 993
86 1941
1390 2090
894 421
203 211
712 802
212 219
151 2146
100 609
1942 316
1001 953
165 506
1528 1470
991 1076
495 664
1326 1666
1014 2208
1442 1659
2233 47
1206 2875
1397 320
826 2034
1265 621
1401 324
1992 60
2232 569
1083 824
1800 1410
674 1554
861 769
813 1210
1362 1080
260 194
1582 2625
521 1004
851 854
1088 137
62 1348
286 929
2000 266
861 1350
162 1489
1571 298
1091 1340
753 1925
1487 1253
1091 788
997 815
637 258
1443 596
2076 1869
1317 1205
861 1062
438 2234
249 170
1428 2133
1390 1077
1251 496
1643 1698
1409 1923
2019 262
1398 1494
564 438
151 891
208 2246
1071 2871
1389 217
1212 1549
529 1940
438 200
156 2705
455 1608
418 1805
524 516
1077 1309
99 2054
1340 3005
861 753
773 2621
1293 1613
712 851
1062 797
912 922
1900 817
1076 194
1659 765
1644 1667
47 2233
637 303
1522 1442
1659 1120
961 1285
1148 2234
2134 718
1407 815
1088 1522
1411 303
1397 524
1899 368
1092 322
25 174
1805 2063
482 164
2019 2000
1475 1606
1444 1644
762 1322
429 816
1601 1350
997 848
421 69
1597 1469
95 208
1790 300
803 320
187 1475
1416 439
1682 904
1682 1046
183 1574
788 235
1850 175
1410 991
837 729
1401 954
885 1684
238 203
969 62
1130 1420
788 262
170 192
1597 2031
284 208
778 1672
102 1263
1420 2821
851 802
43 1809
1262 203
2117 300
95 479
82 438
667 1029
710 510
311 473
1244 2416
795 802
332 1730
891 561
1668 312
1443 1661
1332 1150
788 2047
1684 439
110 1730
929 429
2208 102
194 2137
2047 940
2090 1390
431 465
570 263
63 3006
510 125
506 1904
2563 423
597 685
375 1205
1904 2485
757 2034
2280 1853
2019 1262
1262 119
614 967
22 11
941 487
1435 112
1644 1444
1201 2146
1191 194
788 996
2348 482
1206 1874
1076 818
209 1201
1355 1469
343 231
87 1026
3028 414
1804 832
583 1672
544 459
971 821
171 2588
1606 1585
2096 152
1355 2137
98 2428
963 1410
747 484
760 788
427 1080
887 981
1332 597
1041 1322
1435 2301
258 913
609 2855
25 119
1337 2047
2813 3017
880 903
1288 1713
88 1730
1597 1420
1639 1677
2563 148
1764 1672
3017 1727
602 123
1651 1554
754 203
902 795
2821 225
1309 1077
2146 2025
283 1851
505 191
891 62
421 197
586 529
112 661
1219 1444
322 612
424 196
2208 170
641 312
87 696
227 297
487 1682
1208 515
553 311
885 1492
1285 857
998 1355
2924 288
851 712
832 97
1623 437
156 794
269 2348
330 183
1219 1661
2705 991
1410 993
569 471
1761 1322
142 1829
1114 1079
1072 1184
312 1684
865 11
1309 1288
239 648
1443 1651
2232 2187
1452 1338
1080 473
211 119
769 993
375 647
82 1246
969 905
1368 842
1078 217
851 769
1651 641
971 1091
1692 1444
801 2817
1364 658
2117 2871
1691 773
891 151
1597 1717
208 664
27 1571
912 437
136 176
773 1410
2031 2187
1397 1446
716 697
2382 1608
59 2146
197 1506
767 904
851 837
508 992
1727 2813
1390 563
1790 1608
1809 43
914 1691
1691 1568
650 20
1692 1684
1217 1288
1003 1857
912 783
889 744
997 783
870 1246
1591 830
391 1628
1322 1761
997 1409
922 830
164 482
735 345
1210 3028
1002 1463
473 431
264 1782
1314 1242
809 723
808 1790
833 1800
1512 1684
1184 561
82 1587
175 1857
1262 316
2812 2379
422 77
1776 98
2271 2298
961 1131
2146 151
941 1257
1228 712
1217 1026
1782 574
427 1046
961 1026
1063 1443
659 225
889 1420
979 1463
1785 2350
209 194
2235 87
207 1785
614 163
892 72
1340 739
538 1935
1130 729
573 653
1644 1528
1606 72
200 438
2350 2246
917 1079
802 1761
838 1415
917 217
818 802
2125 1390
757 802
1528 273
87 1288
281 98
1425 766
170 324
239 1850
3102 908
761 879
1428 1029
788 2564
1730 1206
2049 908
629 570
1176 2246
60 311
87 2090
455 1192
998 2149
1008 865
1552 1684
833 1076
1003 719
1072 373
981 794
1563 672
2979 359
248 148
612 803
203 174
698 93
753 1297
1914 2309
1001 861
1773 89
891 1262
2807 2794
2232 1008
1659 2052
2137 1355
2350 1785
1514 1989
1077 2090
230 786
2705 1925
1263 102
1002 1667
1446 561
2486 530
838 811
118 1875
1692 1463
998 63
832 1804
1682 802
2029 1225
967 1046
1576 312
1272 2234
1309 696
967 883
1435 300
3021 1442
311 1486
1941 25
10 553
491 1581
1642 1797
553 1393
1057 2443
936 963
284 1642
188 714
573 1219
735 9
123 27
1337 788
1575 1809
1354 1210
672 2235
696 845
1322 847
82 1038
101 281
2605 1929
227 515
214 561
1591 2428
844 1230
322 431
268 1364
1374 1624
2117 363
1364 960
2705 1062
264 1444
1682 1415
781 809
1242 529
1377 1820
769 481
2925 682
1130 1761
698 2537
210 423
1407 95
612 2272
197 317
1724 203
298 514
87 563
151 2025
1575 2272
724 766
1026 32
3051 1963
2813 1727
1461 2428
3051 212
1805 200
788 2428
22 437
1076 2231
1091 2090
1992 242
553 259
1987 993
771 1350
922 833
123 363
2232 1246
1191 308
163 69
93 2424
993 1001
647 1002
515 2149
1348 766
2424 159
191 826
821 747
712 526
333 2149
783 993
135 2246
1420 802
1076 991
1191 1401
1217 961
151 208
191 991
922 1350
1230 573
1230 844
333 233
2232 1809
1867 398
2948 338
187 264
1003 2125
194 200
1709 2261
783 969
1038 196
154 83
1606 1684
842 1348
61 3035
932 2246
100 1435
3006 582
454 864
1320 1210
2705 2246
1444 1651
263 332
712 868
905 870
47 99
2449 2398
72 1651
295 747
1658 1926
1415 2823
2827 618
1389 1390
1344 1644
1785 328
992 2054
783 936
2817 1612
2443 1057
333 566
1830 1435
2047 2125
744 505
62 870
917 1389
1456 209
801 1612
231 343
521 2568
225 575
2448 1250
1242 322
850 1804
203 520
284 49
2232 981
2128 514
1130 634
311 324
2208 2357
1080 144
1236 815
529 303
1244 961
1191 479
1684 1463
1444 1544
905 991
682 2925
1809 281
1355 118
877 2061
1314 2246
1015 2537
203 119
794 981
1716 457
1079 996
912 905
1824 1830
127 1198
27 1789
788 1077
91 2348
664 1596
1253 961
1585 1344
69 77
1127 1155
208 300
1023 1145
1725 2630
1790 670
868 902
2026 311
2443 621
324 1401
833 2232
850 505
781 91
653 1544
701 368
1527 514
2117 2009
431 115
217 1057
515 227
1644 1463
1023 563
1597 1322
1888 424
1072 609
1208 1038
2272 113
1719 407
1717 1308
1425 1009
2068 2231
710 125
174 1628
2086 2490
1348 62
641 1344
2309 2229
821 996
883 891
1812 2246
311 421
2037 344
1730 1191
845 1114
27 367
2454 2906
1888 1701
479 63
1790 883
870 690
1442 208
1888 3021
508 49
674 1576
1492 1447
1660 1781
912 1410
1443 1692
753 912
2705 11
32 944
889 973
1790 1246
2280 1052
2272 1809
1587 260
936 912
1047 769
1987 2823
876 913
1205 375
514 60
1130 1322
1390 961
1415 1682
3017 2813
2233 1612
914 1597
905 922
2063 175
311 469
1512 264
2198 682
893 926
596 1644
1727 1439
